# oST version 5.0 parameters


[image]

width
640

height
480

[narrow_stereo]

camera matrix
358.781261 0.000000 318.158072
0.000000 360.197264 234.484688
0.000000 0.000000 1.000000

distortion
-0.325811 0.079002 -0.000022 0.001643 0.000000

rectification
1.000000 0.000000 0.000000
0.000000 1.000000 0.000000
0.000000 0.000000 1.000000

projection
249.623901 0.000000 320.640384 0.000000
0.000000 295.060699 231.462774 0.000000
0.000000 0.000000 1.000000 0.000000
