image_width: 640
image_height: 480
camera_name: narrow_stereo
camera_matrix:
  rows: 3
  cols: 3
  data: [ 371.75532,    0.     ,  312.64134,
            0.     ,  373.0017 ,  255.65457,
            0.     ,    0.     ,    1.     ]
camera_model: plumb_bob
distortion_coefficients:
  rows: 1
  cols: 5
  data: [-0.313621, 0.087376, 0.003910, 0.002542, 0.000000]
rectification_matrix:
  rows: 3
  cols: 3
  data: [ 1.,  0.,  0.,
          0.,  1.,  0.,
          0.,  0.,  1.]
projection_matrix:
  rows: 3
  cols: 4
  data: [ 273.65158,    0.     ,  316.04039,    0.     ,
            0.     ,  314.20529,  265.45014,    0.     ,
            0.     ,    0.     ,    1.     ,    0.     ]
